_RAJ2000	_DEJ2000	RAJ2000	DEJ2000	2MASS	Jmag	e_Jmag	Hmag	e_Hmag	Kmag	e_Kmag	Qflg	Rflg	Bflg	Cflg	Xflg	Aflg
271.278269	-19.838428	271.278269	-19.838428	18050678-1950183	9.057	0.032	8.454	0.051	8.261	0.029	AAA	111	111	00d	0	0
271.307404	-19.858713	271.307404	-19.858713	18051377-1951313	12.411	0.038	9.979	0.029	8.886	0.019	EAA	222	111	000	0	0
271.299288	-19.827572	271.299288	-19.827572	18051182-1949392	12.248		10.050	0.026	9.089	0.027	UAA	622	012	00c	0	0
271.289021	-19.851507	271.289021	-19.851507	18050936-1951054	12.316	0.027	10.136	0.026	9.155	0.023	AAA	222	111	000	0	0
271.278700	-19.841511	271.278700	-19.841511	18050688-1950294	10.564	0.024	9.608	0.024	9.203	0.019	AAA	222	111	ddd	0	0
271.279974	-19.856703	271.279974	-19.856703	18050719-1951241	12.345	0.033	10.426	0.030	9.575	0.024	AAA	222	111	000	0	0
271.282929	-19.853552	271.282929	-19.853552	18050790-1951127	12.810	0.030	10.667	0.029	9.604	0.019	AAA	222	111	000	0	0
271.297872	-19.823038	271.297872	-19.823038	18051148-1949229	12.628	0.038	10.528		9.629		AUU	266	200	c00	0	0
271.321521	-19.841946	271.321521	-19.841946	18051716-1950310	13.723	0.023	11.105	0.024	9.919	0.019	AAA	222	111	000	0	0
271.287091	-19.866472	271.287091	-19.866472	18050890-1951592	13.311	0.061	11.024	0.063	9.920	0.036	EEE	222	111	00d	0	0
271.304574	-19.842976	271.304574	-19.842976	18051309-1950347	11.518	0.069	11.139	0.078	9.974	0.047	EEE	222	111	000	1	0
271.322972	-19.849669	271.322972	-19.849669	18051751-1950588	11.189	0.024	10.357	0.027	10.005	0.023	AAA	222	111	000	0	0
271.284233	-19.850752	271.284233	-19.850752	18050821-1951027	12.908	0.061	10.935	0.044	10.063		EEU	226	210	c00	0	0
271.296841	-19.823294	271.296841	-19.823294	18051124-1949238	14.301	0.042	10.969		10.126		AUU	266	200	c00	0	0
271.301607	-19.823240	271.301607	-19.823240	18051238-1949236	13.504	0.032	11.211	0.026	10.183	0.019	AAA	222	111	000	0	0
271.296569	-19.835667	271.296569	-19.835667	18051117-1950084	13.002	0.026	11.084	0.026	10.198	0.021	AAA	222	111	000	0	0
271.325542	-19.855927	271.325542	-19.855927	18051813-1951213	14.553	0.033	11.545	0.029	10.219	0.024	AAA	222	111	000	0	0
271.317341	-19.822454	271.317341	-19.822454	18051616-1949208	14.873	0.044	11.809	0.059	10.274	0.035	AAA	222	111	c00	0	0
271.291552	-19.835716	271.291552	-19.835716	18050997-1950085	13.000	0.029	11.125	0.029	10.317	0.023	AAA	222	111	000	0	0
271.290177	-19.821402	271.290177	-19.821402	18050964-1949170	13.540	0.029	11.276	0.026	10.343	0.023	AAA	222	111	000	0	0
271.286931	-19.847239	271.286931	-19.847239	18050886-1950500	13.422	0.032	11.400	0.030	10.390	0.021	AAA	222	111	000	0	0
271.328497	-19.865067	271.328497	-19.865067	18051883-1951542	14.218	0.024	11.658	0.023	10.478	0.019	AAA	222	111	000	0	0
271.307259	-19.825926	271.307259	-19.825926	18051374-1949333	14.039	0.039	11.717	0.029	10.623	0.021	AAA	222	111	00s	0	0
271.279429	-19.820518	271.279429	-19.820518	18050706-1949138	14.303	0.039	11.797	0.026	10.625	0.023	AAA	222	111	000	0	0
271.322477	-19.862280	271.322477	-19.862280	18051739-1951442	14.564	0.041	11.964	0.037	10.704	0.029	AAA	222	111	0ss	0	0
271.284336	-19.847149	271.284336	-19.847149	18050824-1950497	13.517	0.039	11.639	0.037	10.816	0.026	AAA	222	111	000	0	0
271.287638	-19.867514	271.287638	-19.867514	18050903-1952030	14.142	0.059	11.974	0.073	10.957	0.039	AAA	222	112	ccc	0	0
271.318774	-19.824039	271.318774	-19.824039	18051650-1949265	14.826	0.032	12.137	0.024	10.957	0.023	AAA	222	111	000	0	0
271.299409	-19.843142	271.299409	-19.843142	18051185-1950353	14.458	0.041	12.052	0.029	10.959	0.026	AAA	222	111	000	0	0
271.283135	-19.851360	271.283135	-19.851360	18050795-1951048	14.180	0.110	13.533	0.169	10.991		ECU	226	210	cc0	0	0
271.278825	-19.836069	271.278825	-19.836069	18050691-1950098	13.908	0.096	11.974	0.054	11.025	0.029	AAA	222	111	ccc	0	0
271.327034	-19.836769	271.327034	-19.836769	18051848-1950123	15.819	0.070	12.542	0.024	11.052	0.021	BAA	222	111	000	0	0
271.303990	-19.851986	271.303990	-19.851986	18051295-1951071	14.301	0.051	12.049	0.035	11.071	0.031	AAA	222	111	000	0	0
271.298092	-19.826536	271.298092	-19.826536	18051154-1949355	15.025	0.098	11.978		11.078		AUU	200	100	c00	0	0
271.315816	-19.865723	271.315816	-19.865723	18051579-1951566	12.502	0.027	11.529	0.032	11.173	0.029	AAA	222	111	000	0	0
271.294359	-19.832123	271.294359	-19.832123	18051064-1949556	13.911	0.080	11.866		11.174		AUU	266	200	c00	0	0
271.316044	-19.838751	271.316044	-19.838751	18051585-1950195	14.457	0.041	12.166	0.037	11.190	0.019	AEA	222	111	000	0	0
271.298050	-19.832209	271.298050	-19.832209	18051153-1949559	13.222		12.633	0.058	11.288		UEU	626	020	0c0	0	0
271.325798	-19.823400	271.325798	-19.823400	18051819-1949242	15.614	0.068	12.694	0.026	11.369	0.021	BAA	222	111	000	0	0
271.309325	-19.835129	271.309325	-19.835129	18051423-1950064	14.534	0.026	12.350	0.027	11.400	0.024	AAA	222	111	000	0	0
271.296987	-19.818169	271.296987	-19.818169	18051127-1949054	14.289	0.037	12.309	0.039	11.408	0.031	AAA	222	111	000	0	0
271.303748	-19.830814	271.303748	-19.830814	18051289-1949509	14.664	0.041	12.466	0.030	11.471	0.024	AAA	222	111	000	0	0
271.278170	-19.859989	271.278170	-19.859989	18050676-1951359	14.573	0.037	12.490	0.029	11.523	0.023	AAA	222	111	000	0	0
271.293807	-19.833920	271.293807	-19.833920	18051051-1950021	14.272	0.055	12.367	0.048	11.538	0.031	AAA	222	111	000	0	0
271.329047	-19.841427	271.329047	-19.841427	18051897-1950291	14.624		12.780		11.605	0.050	UUA	062	002	00c	0	0
271.281492	-19.825617	271.281492	-19.825617	18050755-1949322	14.506	0.047	12.566	0.049	11.613	0.031	AAA	222	111	00s	0	0
271.310480	-19.849295	271.310480	-19.849295	18051451-1950574	14.592		12.246		11.633	0.064	UUE	662	003	00c	0	0
271.295000	-19.832952	271.295000	-19.832952	18051080-1949586	15.251	0.078	12.337		11.640		AUU	266	200	c00	0	0
271.315962	-19.822573	271.315962	-19.822573	18051583-1949212	14.802	0.076	13.923	0.069	11.644		AAU	220	110	0c0	0	0
271.300160	-19.858290	271.300160	-19.858290	18051203-1951298	14.590	0.036	12.559	0.040	11.652	0.038	AAA	222	111	000	0	0
271.281439	-19.857733	271.281439	-19.857733	18050754-1951278	14.605	0.071	12.365		11.656		EUU	200	100	c00	0	0
271.298300	-19.831291	271.298300	-19.831291	18051159-1949526	13.152		13.007	0.117	11.664		UBU	626	020	0c0	0	0
271.302975	-19.847546	271.302975	-19.847546	18051271-1950511	15.201	0.054	12.761	0.030	11.689	0.030	AAA	222	111	000	0	0
271.289416	-19.859400	271.289416	-19.859400	18050945-1951338	14.665	0.077	12.737	0.084	11.727	0.065	AEE	222	111	000	0	0
271.320713	-19.843981	271.320713	-19.843981	18051697-1950383	15.162	0.064	12.860	0.062	11.761	0.052	AAA	222	111	000	0	0
271.329151	-19.842304	271.329151	-19.842304	18051899-1950322	14.382	0.041	12.933		11.781		AUU	200	100	000	0	0
271.281425	-19.862013	271.281425	-19.862013	18050754-1951432	14.720	0.045	12.643	0.029	11.787	0.027	AAA	222	111	0ss	0	0
271.328589	-19.845438	271.328589	-19.845438	18051886-1950435	16.308		13.507	0.069	11.812	0.035	UAA	022	011	000	0	0
271.290533	-19.853235	271.290533	-19.853235	18050972-1951116	14.168	0.039	12.540	0.044	11.822	0.034	AAA	222	111	0cc	0	0
271.287979	-19.835293	271.287979	-19.835293	18050911-1950070	14.648	0.049	12.671	0.041	11.830	0.033	AAA	222	111	000	0	0
271.295763	-19.852757	271.295763	-19.852757	18051098-1951099	14.646	0.045	12.707	0.043	11.858	0.033	AAA	222	111	000	0	0
271.326887	-19.828423	271.326887	-19.828423	18051845-1949423	17.737		13.725	0.035	11.882	0.024	UAA	022	011	000	0	0
271.323906	-19.856541	271.323906	-19.856541	18051773-1951235	16.034	0.088	13.356	0.059	11.936	0.039	CAA	222	111	ccc	0	0
271.290639	-19.860245	271.290639	-19.860245	18050975-1951368	15.100	0.051	12.906	0.039	11.949	0.026	AAA	222	111	c00	0	0
271.308324	-19.854818	271.308324	-19.854818	18051399-1951173	14.482	0.052	12.757		11.957		AUU	200	100	000	0	0
271.323651	-19.854519	271.323651	-19.854519	18051767-1951162	16.187		13.283	0.056	11.963	0.050	UAA	022	011	000	0	0
271.280680	-19.857780	271.280680	-19.857780	18050736-1951280	13.182		12.833	0.073	11.967	0.050	UAA	022	011	0cc	0	0
271.287775	-19.862179	271.287775	-19.862179	18050906-1951438	15.114	0.080	13.000	0.066	11.971	0.049	AEE	222	111	css	0	0
271.299852	-19.819628	271.299852	-19.819628	18051196-1949106	13.164	0.023	12.287	0.029	11.981	0.027	AAA	222	111	000	0	0
271.291172	-19.838377	271.291172	-19.838377	18050988-1950181	14.466	0.033	12.791	0.037	11.982	0.031	AAA	222	111	000	0	0
271.280813	-19.849333	271.280813	-19.849333	18050739-1950575	14.744	0.095	12.797	0.054	11.996		AAU	226	210	c00	0	0
271.293879	-19.821758	271.293879	-19.821758	18051053-1949183	14.699	0.057	12.821	0.055	11.997	0.044	AAA	222	111	000	0	0
271.304487	-19.819990	271.304487	-19.819990	18051307-1949119	14.549		13.017	0.083	12.012	0.063	UEA	622	012	00c	0	0
271.298664	-19.826433	271.298664	-19.826433	18051167-1949351	13.193		12.993	0.088	12.044	0.053	UAA	022	012	0cc	0	0
271.304327	-19.853128	271.304327	-19.853128	18051303-1951112	15.045	0.055	12.837		12.067		AUU	200	100	c00	0	0
271.292194	-19.831366	271.292194	-19.831366	18051012-1949529	14.953	0.055	12.948	0.056	12.074	0.037	AAA	222	111	000	0	0
271.287001	-19.861013	271.287001	-19.861013	18050888-1951396	14.301	0.093	12.652		12.079		AUU	200	100	000	0	0
271.299507	-19.822102	271.299507	-19.822102	18051188-1949195	14.774	0.056	12.906	0.057	12.083	0.043	AAA	222	111	ccc	0	0
271.327500	-19.851391	271.327500	-19.851391	18051860-1951050	15.545		13.223		12.108	0.038	UUA	062	002	00c	0	0
271.300403	-19.838499	271.300403	-19.838499	18051209-1950185	15.349	0.070	13.151	0.029	12.180	0.029	AAA	222	111	000	0	0
271.329528	-19.839693	271.329528	-19.839693	18051908-1950228	15.606	0.070	13.322	0.027	12.214	0.026	BAA	222	111	000	0	0
271.315153	-19.839340	271.315153	-19.839340	18051563-1950216	14.678		13.472	0.059	12.217	0.132	UAE	022	011	0cc	0	0
271.295800	-19.825241	271.295800	-19.825241	18051099-1949308	15.226	0.083	13.162	0.055	12.224	0.045	AAA	222	212	c0c	0	0
271.318545	-19.827127	271.318545	-19.827127	18051645-1949376	16.111		13.625	0.074	12.237	0.053	UAA	022	012	00c	0	0
271.286057	-19.865681	271.286057	-19.865681	18050865-1951564	15.280	0.134	13.197	0.089	12.238	0.037	BAA	222	112	ccc	0	0
271.308182	-19.855234	271.308182	-19.855234	18051396-1951188	14.240		13.205	0.073	12.240	0.058	UAA	022	011	00d	0	0
271.287523	-19.832096	271.287523	-19.832096	18050900-1949555	14.084	0.070	12.805		12.244		AUU	260	200	c00	0	0
271.314028	-19.827986	271.314028	-19.827986	18051536-1949407	12.631	0.024	12.388	0.033	12.290	0.044	AAA	222	111	000	0	0
271.305577	-19.820005	271.305577	-19.820005	18051333-1949120	13.670		13.180	0.084	12.292	0.051	UEA	022	013	0cc	0	0
271.297944	-19.850201	271.297944	-19.850201	18051150-1951007	13.996	0.054	12.866		12.304		AUU	200	100	000	0	0
271.296049	-19.866203	271.296049	-19.866203	18051105-1951583	14.975	0.044	13.166	0.033	12.331	0.038	AAA	222	111	000	0	0
271.286375	-19.854488	271.286375	-19.854488	18050873-1951161	14.938	0.063	13.205	0.082	12.377	0.053	AAA	222	111	c00	0	0
271.298494	-19.850496	271.298494	-19.850496	18051163-1951017	13.845		13.411	0.089	12.386	0.060	UEA	022	011	000	0	0
271.294371	-19.850950	271.294371	-19.850950	18051064-1951034	14.314	0.078	13.740	0.106	12.415		AAU	220	110	0c0	0	0
271.316047	-19.862120	271.316047	-19.862120	18051585-1951436	15.542	0.080	13.406	0.043	12.418	0.044	BAA	222	111	0ss	0	0
271.324738	-19.834696	271.324738	-19.834696	18051793-1950049	14.139	0.049	12.984	0.055	12.429	0.057	EEA	222	111	000	0	0
271.295063	-19.828609	271.295063	-19.828609	18051081-1949429	14.750	0.054	13.171	0.049	12.440	0.046	AAA	222	111	000	0	0
271.287059	-19.832460	271.287059	-19.832460	18050889-1949568	13.756		12.758		12.466	0.054	UUA	002	001	000	0	0
271.330620	-19.834209	271.330620	-19.834209	18051934-1950031	14.997		14.000	0.115	12.466	0.073	UBA	022	012	0cc	0	0
271.324618	-19.862171	271.324618	-19.862171	18051790-1951438	15.345		13.705	0.048	12.467	0.038	UAA	022	011	0sc	0	0
271.293205	-19.851273	271.293205	-19.851273	18051036-1951045	15.431	0.099	13.391	0.094	12.470	0.060	AEA	222	111	c00	0	0
271.310981	-19.848053	271.310981	-19.848053	18051463-1950529	14.800	0.071	13.384	0.064	12.474	0.059	AAA	222	112	0cc	0	0
271.291802	-19.866396	271.291802	-19.866396	18051003-1951590	14.802		14.121	0.110	12.475		UBU	020	010	0c0	0	0
271.330393	-19.859259	271.330393	-19.859259	18051929-1951333	16.481		13.815	0.039	12.490	0.023	UAA	022	011	000	0	0
271.318048	-19.865871	271.318048	-19.865871	18051633-1951571	15.543		13.602	0.078	12.492	0.051	UAA	022	011	000	0	0
271.280952	-19.850380	271.280952	-19.850380	18050742-1951013	15.014	0.075	14.276	0.096	12.539		ABU	226	210	cc0	0	0
271.281394	-19.834738	271.281394	-19.834738	18050753-1950050	15.592	0.104	13.593	0.103	12.542	0.069	BEE	222	111	c00	0	0
271.315663	-19.849070	271.315663	-19.849070	18051575-1950566	15.277		13.683	0.051	12.544	0.037	UAA	022	011	000	0	0
271.285718	-19.849861	271.285718	-19.849861	18050857-1950594	15.138	0.052	13.345	0.055	12.550	0.034	AAA	222	111	ccc	0	0
271.293006	-19.847509	271.293006	-19.847509	18051032-1950510	15.277	0.067	13.426	0.039	12.561	0.030	AAA	222	111	000	0	0
271.298845	-19.841141	271.298845	-19.841141	18051172-1950281	15.419	0.066	13.563	0.056	12.579	0.053	AAA	222	111	000	0	0
271.295584	-19.831438	271.295584	-19.831438	18051094-1949531	14.348	0.083	13.270	0.087	12.586	0.062	AAA	222	111	ccc	0	0
271.308605	-19.862177	271.308605	-19.862177	18051406-1951438	13.909	0.038	13.160	0.049	12.605	0.041	AAA	222	111	0ss	0	0
271.286555	-19.860470	271.286555	-19.860470	18050877-1951376	14.077		13.393	0.100	12.609	0.062	UEA	022	011	000	0	0
271.319041	-19.833185	271.319041	-19.833185	18051656-1949594	16.391		13.764	0.036	12.620	0.033	UAA	022	011	000	0	0
271.318218	-19.862787	271.318218	-19.862787	18051637-1951460	15.974	0.095	13.694	0.023	12.636	0.030	CAA	222	111	0s0	0	0
271.290218	-19.855652	271.290218	-19.855652	18050965-1951203	13.927	0.055	13.027	0.066	12.654	0.059	AAA	222	111	000	0	0
271.280921	-19.823971	271.280921	-19.823971	18050742-1949262	15.576	0.102	13.388		12.661		BUU	200	100	c00	0	0
271.292041	-19.833435	271.292041	-19.833435	18051008-1950003	15.456	0.071	13.565	0.071	12.662	0.040	AAA	222	111	c00	0	0
271.288167	-19.833012	271.288167	-19.833012	18050916-1949588	14.996	0.076	13.142		12.669		AUU	260	200	c00	0	0
271.307445	-19.844654	271.307445	-19.844654	18051378-1950407	14.619		13.656	0.064	12.674	0.040	UAA	022	011	000	2	0
271.315813	-19.826086	271.315813	-19.826086	18051579-1949339	15.408		13.711	0.073	12.688	0.064	UAA	622	012	00c	0	0
271.286677	-19.836573	271.286677	-19.836573	18050880-1950116	14.756		13.606	0.077	12.691	0.060	UAA	622	012	00c	0	0
271.308218	-19.849810	271.308218	-19.849810	18051397-1950593	14.502	0.049	13.719	0.063	12.703		AAU	220	110	000	0	0
271.317171	-19.830723	271.317171	-19.830723	18051612-1949506	16.265		13.971	0.103	12.705	0.073	UAA	022	011	000	0	0
271.293287	-19.856215	271.293287	-19.856215	18051038-1951223	15.021	0.051	13.472	0.036	12.718	0.031	AAA	222	111	000	0	0
271.281240	-19.843166	271.281240	-19.843166	18050749-1950353	13.762	0.023	13.002	0.023	12.720	0.021	AAA	222	111	ccc	0	0
271.327803	-19.855001	271.327803	-19.855001	18051867-1951180	13.392	0.024	12.940	0.027	12.720	0.039	AAA	222	111	000	0	0
271.284644	-19.852394	271.284644	-19.852394	18050831-1951086	15.140	0.174	13.462	0.127	12.725	0.074	EBA	222	111	ccc	0	0
271.315861	-19.850060	271.315861	-19.850060	18051580-1951002	15.785	0.107	13.763		12.728		BUU	200	100	000	0	0
271.285513	-19.836054	271.285513	-19.836054	18050852-1950097	15.088	0.085	14.426	0.098	12.733		ABU	220	110	0c0	0	0
271.278942	-19.865177	271.278942	-19.865177	18050694-1951546	15.282	0.070	13.588	0.065	12.738	0.049	AAA	222	111	000	0	0
271.281916	-19.864008	271.281916	-19.864008	18050765-1951504	15.458		13.513	0.054	12.740	0.051	UAA	622	012	00c	0	0
271.291621	-19.865435	271.291621	-19.865435	18050998-1951555	14.894		13.217		12.741	0.087	UUA	662	002	00c	0	0
271.290291	-19.834784	271.290291	-19.834784	18050966-1950052	15.549	0.088	13.369		12.742		BUU	200	100	c00	0	0
271.293033	-19.865150	271.293033	-19.865150	18051032-1951545	14.761		14.211	0.090	12.750		UBU	020	010	0p0	0	0
271.294485	-19.838064	271.294485	-19.838064	18051067-1950170	15.415	0.072	13.563	0.046	12.769	0.033	AAA	222	111	000	0	0
271.302008	-19.850792	271.302008	-19.850792	18051248-1951028	15.552	0.067	13.542	0.050	12.791	0.035	BAA	222	111	000	0	0
271.325957	-19.859774	271.325957	-19.859774	18051822-1951351	17.320		14.189	0.062	12.796	0.040	UBA	022	011	000	0	0
271.311667	-19.849676	271.311667	-19.849676	18051480-1950588	13.685		12.431		12.797	0.088	UUA	662	003	00c	0	0
271.279499	-19.848063	271.279499	-19.848063	18050707-1950530	15.466	0.081	13.600	0.069	12.802	0.049	BAA	222	111	000	0	0
271.301642	-19.857876	271.301642	-19.857876	18051239-1951283	15.606		13.845	0.071	12.803	0.046	UAA	022	011	0cc	0	0
271.306498	-19.854193	271.306498	-19.854193	18051355-1951150	15.292		14.105	0.116	12.828	0.070	UBA	022	011	000	0	0
271.294455	-19.844101	271.294455	-19.844101	18051066-1950387	15.927	0.116	13.763	0.054	12.837	0.047	CAA	222	111	000	0	0
271.303594	-19.837486	271.303594	-19.837486	18051286-1950149	15.572	0.069	13.701	0.041	12.842	0.052	BAA	222	111	000	0	0
271.279597	-19.828840	271.279597	-19.828840	18050710-1949438	15.380	0.075	13.646	0.055	12.847	0.046	AAA	222	111	000	0	0
271.315342	-19.827112	271.315342	-19.827112	18051568-1949376	14.640		14.122	0.057	12.847	0.034	UBA	022	012	0cc	0	0
271.328820	-19.846956	271.328820	-19.846956	18051891-1950490	14.945	0.029	14.188	0.052	12.849		ABU	220	110	000	0	0
271.278180	-19.830229	271.278180	-19.830229	18050676-1949488	15.348	0.100	13.572	0.087	12.851	0.077	AAA	222	111	000	0	0
271.281403	-19.865957	271.281403	-19.865957	18050753-1951574	15.396	0.051	13.659	0.044	12.854	0.054	AAA	222	111	000	0	0
271.310498	-19.837725	271.310498	-19.837725	18051451-1950158	15.660	0.064	13.833	0.044	12.860	0.041	BAA	222	111	000	0	0
271.302052	-19.828209	271.302052	-19.828209	18051249-1949415	15.476	0.069	13.699	0.066	12.886	0.057	BAA	222	111	ccc	0	0
271.323517	-19.858606	271.323517	-19.858606	18051764-1951309	16.376		13.998	0.030	12.889	0.031	UAA	022	011	000	0	0
271.297131	-19.838758	271.297131	-19.838758	18051131-1950195	15.608	0.083	13.683	0.066	12.903	0.061	BAA	222	111	000	0	0
271.300787	-19.855499	271.300787	-19.855499	18051218-1951197	15.730	0.090	13.731	0.060	12.905	0.058	BAA	222	111	000	0	0
271.283795	-19.818516	271.283795	-19.818516	18050811-1949066	15.527	0.071	13.725	0.077	12.914	0.062	BAA	222	212	c0c	0	0
271.288142	-19.864769	271.288142	-19.864769	18050915-1951531	15.856	0.184	13.871	0.103	12.917	0.053	CAA	222	111	ccc	0	0
271.306711	-19.819733	271.306711	-19.819733	18051361-1949110	13.350		13.176	0.062	12.923	0.047	UAA	622	012	00c	0	0
271.321133	-19.845564	271.321133	-19.845564	18051707-1950440	15.845		14.185	0.103	12.945	0.082	UBA	022	022	0cc	0	0
271.321995	-19.828337	271.321995	-19.828337	18051727-1949420	13.763	0.036	13.297	0.058	12.947	0.066	AAA	222	111	000	0	0
271.308499	-19.851051	271.308499	-19.851051	18051403-1951037	14.983		13.825	0.068	12.948	0.046	UAA	022	011	000	0	0
271.303710	-19.845127	271.303710	-19.845127	18051289-1950424	14.379		13.952	0.117	12.952	0.124	UBB	022	011	0cc	2	0
271.311296	-19.845015	271.311296	-19.845015	18051471-1950420	13.472	0.032	13.135	0.040	12.954	0.057	AAA	222	111	000	0	0
271.311962	-19.830013	271.311962	-19.830013	18051487-1949480	16.249		13.877		12.958	0.043	UUA	062	002	00c	0	0
271.294781	-19.823326	271.294781	-19.823326	18051074-1949239	15.745	0.085	13.867	0.115	12.966	0.091	BBA	222	111	cc0	0	0
271.280888	-19.821531	271.280888	-19.821531	18050741-1949175	15.242	0.061	14.333	0.079	12.979		ABU	220	110	cc0	0	0
271.329212	-19.850353	271.329212	-19.850353	18051901-1951012	16.147		14.606	0.092	12.987		UCU	020	010	000	0	0
271.323658	-19.867882	271.323658	-19.867882	18051767-1952043	15.914		13.909	0.072	12.991	0.066	UAA	022	011	000	0	0
271.296122	-19.826378	271.296122	-19.826378	18051106-1949349	15.615	0.092	13.816	0.091	13.005	0.070	BAA	222	212	ccc	0	0
271.318486	-19.837954	271.318486	-19.837954	18051643-1950166	15.990		14.239	0.091	13.014	0.068	UBA	022	011	000	0	0
271.294385	-19.863531	271.294385	-19.863531	18051065-1951487	15.535		13.955	0.096	13.018	0.074	UAA	022	011	0p0	0	0
271.282808	-19.835579	271.282808	-19.835579	18050787-1950080	15.435		13.954	0.094	13.033	0.058	UAA	022	011	0c0	0	0
271.287778	-19.854280	271.287778	-19.854280	18050906-1951154	14.188	0.043	13.769	0.045	13.036		AAU	220	110	0c0	0	0
271.322318	-19.863905	271.322318	-19.863905	18051735-1951500	16.054	0.121	14.002		13.037		CUU	200	200	c00	0	0
271.280885	-19.853031	271.280885	-19.853031	18050741-1951109	15.282		14.365	0.161	13.040		UCU	020	010	0c0	0	0
271.312633	-19.849663	271.312633	-19.849663	18051503-1950587	13.485		12.865		13.040	0.037	UUA	662	002	00c	0	0
271.314216	-19.838375	271.314216	-19.838375	18051541-1950181	15.517		14.073	0.054	13.055	0.043	UAA	022	011	0cc	0	0
271.318410	-19.828220	271.318410	-19.828220	18051641-1949415	16.087		14.270	0.052	13.061	0.047	UBA	022	012	0cc	0	0
271.306179	-19.866941	271.306179	-19.866941	18051348-1952009	14.219		14.058	0.079	13.090	0.051	UAA	022	011	0cc	0	0
271.305595	-19.840477	271.305595	-19.840477	18051334-1950257	14.426	0.082	14.043	0.122	13.099		ABU	220	110	c00	2	0
271.315606	-19.854713	271.315606	-19.854713	18051574-1951169	15.755		14.093	0.107	13.101	0.083	UBA	022	011	000	0	0
271.291393	-19.837019	271.291393	-19.837019	18050993-1950132	14.231		12.254		13.107	0.065	UUA	002	001	00c	0	0
271.291534	-19.828485	271.291534	-19.828485	18050996-1949425	15.974		13.997	0.076	13.110	0.050	UAA	022	011	000	0	0
271.282543	-19.857096	271.282543	-19.857096	18050781-1951255	14.880		13.960	0.068	13.112	0.071	UAA	022	011	0cc	0	0
271.314138	-19.858822	271.314138	-19.858822	18051539-1951317	15.023	0.056	14.181	0.077	13.117		ABU	220	110	000	0	0
271.308029	-19.849651	271.308029	-19.849651	18051392-1950587	14.293		13.346		13.122	0.046	UUA	002	001	000	0	0
271.283409	-19.860624	271.283409	-19.860624	18050801-1951382	15.960	0.087	14.063	0.075	13.123	0.029	CAA	222	111	00s	0	0
271.290435	-19.833199	271.290435	-19.833199	18050970-1949595	15.710	0.093	13.999	0.110	13.136	0.072	BBA	222	112	0cc	0	0
271.289581	-19.832361	271.289581	-19.832361	18050949-1949564	15.749	0.100	13.902	0.065	13.146	0.052	BAA	222	112	c0c	0	0
271.285693	-19.833450	271.285693	-19.833450	18050856-1950004	15.728	0.155	13.840		13.150		BUU	200	100	000	0	0
271.321962	-19.845064	271.321962	-19.845064	18051727-1950422	15.590		14.230	0.067	13.155	0.055	UBA	022	022	0cc	0	0
271.330899	-19.861450	271.330899	-19.861450	18051941-1951412	16.427		14.520	0.085	13.160	0.055	UCA	022	011	0cs	0	0
271.290838	-19.847052	271.290838	-19.847052	18050980-1950493	15.814	0.109	13.964	0.079	13.176	0.069	BAA	222	111	000	0	0
271.283038	-19.863548	271.283038	-19.863548	18050792-1951487	15.734		14.136	0.036	13.182	0.039	UBA	022	012	0cc	0	0
271.300422	-19.850594	271.300422	-19.850594	18051210-1951021	16.397		14.295	0.072	13.192	0.039	UBA	022	011	000	0	0
271.313482	-19.853207	271.313482	-19.853207	18051523-1951115	14.066	0.030	13.436	0.051	13.200	0.065	AAA	222	111	000	0	0
271.294296	-19.839760	271.294296	-19.839760	18051063-1950231	14.707		14.094	0.098	13.207	0.061	UBA	022	011	000	0	0
271.307989	-19.845695	271.307989	-19.845695	18051391-1950445	14.816	0.052	14.289	0.066	13.215		ABU	220	110	0c0	2	0
271.295620	-19.818367	271.295620	-19.818367	18051094-1949061	15.419		14.250	0.059	13.216	0.041	UBA	022	011	0cc	0	0
271.284325	-19.823492	271.284325	-19.823492	18050823-1949245	15.213		14.114	0.134	13.238	0.095	UBA	022	011	000	0	0
271.314452	-19.856045	271.314452	-19.856045	18051546-1951217	16.028		14.362	0.105	13.243	0.077	UBA	022	011	000	0	0
271.300986	-19.821920	271.300986	-19.821920	18051223-1949189	14.890		12.756		13.249	0.065	UUA	002	001	00c	0	0
271.311015	-19.863167	271.311015	-19.863167	18051464-1951474	13.919	0.034	13.524	0.033	13.250	0.050	AAA	222	111	0pp	0	0
271.284048	-19.833754	271.284048	-19.833754	18050817-1950015	15.747	0.138	13.936		13.265		BUU	200	100	c00	0	0
271.293851	-19.840164	271.293851	-19.840164	18051052-1950245	14.913	0.052	13.644		13.266		AUU	200	100	000	0	0
271.292838	-19.865528	271.292838	-19.865528	18051028-1951559	14.481		13.103		13.268	0.068	UUA	662	002	00c	0	0
271.309618	-19.844423	271.309618	-19.844423	18051430-1950399	15.099	0.061	13.803		13.273		AUU	200	100	c00	2	0
271.279302	-19.831055	271.279302	-19.831055	18050703-1949517	16.017	0.111	14.176	0.078	13.276	0.054	CBA	222	111	cc0	0	0
271.296892	-19.863314	271.296892	-19.863314	18051125-1951479	15.549	0.085	14.111		13.277		BUU	200	100	000	0	0
271.327875	-19.841656	271.327875	-19.841656	18051869-1950299	15.438		13.439		13.280	0.078	UUA	062	002	00c	0	0
271.319062	-19.866760	271.319062	-19.866760	18051657-1952003	15.310		14.158	0.085	13.283	0.066	UBA	022	011	0cc	0	0
271.311888	-19.835918	271.311888	-19.835918	18051485-1950093	14.461	0.034	13.751	0.051	13.284	0.053	AAA	222	111	000	0	0
271.285413	-19.834948	271.285413	-19.834948	18050849-1950058	15.044		14.232	0.114	13.291	0.071	UBA	022	011	000	0	0
271.318281	-19.834946	271.318281	-19.834946	18051638-1950058	16.942		14.499	0.057	13.291	0.039	UCA	022	011	000	0	0
271.311114	-19.860603	271.311114	-19.860603	18051466-1951381	17.190		14.408	0.072	13.297	0.051	UBA	022	011	00s	0	0
271.320784	-19.827583	271.320784	-19.827583	18051698-1949392	15.198		14.008		13.300	0.072	UUA	002	001	000	0	0
271.305851	-19.839094	271.305851	-19.839094	18051340-1950207	15.309		14.438	0.075	13.302	0.065	UBA	022	011	000	0	0
271.296493	-19.845936	271.296493	-19.845936	18051115-1950453	15.985	0.094	14.220	0.055	13.310	0.058	CBA	222	111	000	0	0
271.282278	-19.849960	271.282278	-19.849960	18050774-1950598	15.580	0.105	13.819		13.316		BUU	200	100	c00	0	0
271.321384	-19.839828	271.321384	-19.839828	18051713-1950233	15.911		13.923		13.317	0.098	UUA	002	001	00c	0	0
271.288641	-19.863264	271.288641	-19.863264	18050927-1951477	15.756	0.124	14.002		13.319		BUU	200	100	c00	0	0
271.300857	-19.845276	271.300857	-19.845276	18051220-1950429	16.559		14.100	0.049	13.323	0.055	UBE	022	011	000	0	0
271.286345	-19.851688	271.286345	-19.851688	18050872-1951060	15.040	0.071	14.336	0.096	13.328		ABU	220	110	cc0	0	0
271.300897	-19.833607	271.300897	-19.833607	18051221-1950009	14.004	0.023	13.567	0.040	13.330	0.060	AAE	222	111	000	0	0
271.297000	-19.827805	271.297000	-19.827805	18051128-1949400	15.958	0.127	14.116		13.332		CUU	200	100	c00	0	0
271.314822	-19.851229	271.314822	-19.851229	18051555-1951044	16.391		14.219		13.334	0.051	UUA	002	001	000	0	0
271.289665	-19.845699	271.289665	-19.845699	18050951-1950445	17.161		14.314	0.076	13.348	0.062	UBA	022	011	000	0	0
271.290260	-19.840433	271.290260	-19.840433	18050966-1950255	15.820	0.095	14.049	0.076	13.351	0.059	BAA	222	111	000	0	0
271.286149	-19.837387	271.286149	-19.837387	18050867-1950145	15.258		14.165	0.065	13.361	0.057	UBA	022	012	0cc	0	0
271.328991	-19.850315	271.328991	-19.850315	18051895-1951011	16.106		14.191		13.362	0.058	UUA	002	001	000	0	0
271.291769	-19.857180	271.291769	-19.857180	18051002-1951258	14.151	0.043	13.575	0.072	13.365	0.068	AAA	222	111	000	0	0
271.318157	-19.819105	271.318157	-19.819105	18051635-1949087	15.494	0.065	14.266	0.048	13.366	0.062	BBE	222	111	c00	0	0
271.306094	-19.841043	271.306094	-19.841043	18051346-1950277	14.062		13.588		13.382	0.166	UUC	002	001	00c	2	0
271.286759	-19.863239	271.286759	-19.863239	18050882-1951476	15.390	0.143	14.389	0.174	13.383		BCU	220	110	cc0	0	0
271.302630	-19.855976	271.302630	-19.855976	18051263-1951215	16.049		14.443	0.051	13.386	0.046	UBA	022	011	000	0	0
271.285114	-19.832945	271.285114	-19.832945	18050842-1949586	15.183		14.291	0.184	13.389	0.103	UCA	022	011	000	0	0
271.329389	-19.834305	271.329389	-19.834305	18051905-1950034	14.120		13.670	0.089	13.389	0.054	UAA	622	012	0cc	0	0
271.296468	-19.859436	271.296468	-19.859436	18051115-1951339	17.110		14.423	0.078	13.399	0.071	UBE	022	011	000	0	0
271.328401	-19.821033	271.328401	-19.821033	18051881-1949157	16.258		14.572	0.135	13.399	0.082	UCA	022	011	0cc	0	0
271.299823	-19.844381	271.299823	-19.844381	18051195-1950397	15.157		14.291	0.050	13.418	0.060	UBA	022	011	0cc	0	0
271.280092	-19.859352	271.280092	-19.859352	18050722-1951336	15.437		14.272	0.069	13.420	0.058	UBA	022	011	0cc	0	0
271.295945	-19.864288	271.295945	-19.864288	18051102-1951514	15.766		14.484	0.090	13.426	0.075	UCA	022	011	000	0	0
271.316372	-19.832428	271.316372	-19.832428	18051592-1949567	14.891	0.052	14.119	0.096	13.428	0.094	ABA	222	111	000	0	0
271.328360	-19.852139	271.328360	-19.852139	18051880-1951077	16.091		13.673		13.430	0.057	UUA	062	002	00c	0	0
271.308365	-19.821379	271.308365	-19.821379	18051400-1949169	13.935		13.196		13.435	0.090	UUA	662	003	00c	0	0
271.324995	-19.849648	271.324995	-19.849648	18051799-1950587	15.257		14.561	0.098	13.443	0.044	UCA	022	011	0cc	0	0
271.279391	-19.862968	271.279391	-19.862968	18050705-1951466	16.571		14.321	0.086	13.451	0.073	UBA	022	011	0s0	0	0
271.279365	-19.846479	271.279365	-19.846479	18050704-1950473	15.171	0.097	14.066	0.105	13.453	0.096	AAA	222	111	c00	0	0
271.319771	-19.855898	271.319771	-19.855898	18051674-1951212	14.584	0.039	13.750	0.044	13.453	0.052	AAE	222	111	000	0	0
271.284114	-19.856579	271.284114	-19.856579	18050818-1951236	14.223	0.036	13.667	0.064	13.455	0.077	AAA	222	111	00c	0	0
271.298443	-19.848969	271.298443	-19.848969	18051162-1950562	14.963		14.477	0.152	13.460	0.074	UCA	022	011	0c0	0	0
271.319914	-19.840883	271.319914	-19.840883	18051677-1950271	14.903	0.060	13.948	0.094	13.461	0.093	AAA	222	111	0cc	0	0
271.316463	-19.836773	271.316463	-19.836773	18051595-1950123	15.043		14.480	0.084	13.466		UCU	020	010	0c0	0	0
271.309758	-19.832745	271.309758	-19.832745	18051434-1949578	14.475	0.023	13.841	0.044	13.467	0.052	AAA	222	111	000	0	0
271.313436	-19.819754	271.313436	-19.819754	18051522-1949111	15.401	0.092	14.000		13.498		AUU	200	100	c00	0	0
271.314362	-19.859001	271.314362	-19.859001	18051544-1951324	14.908		13.703		13.502	0.083	UUA	002	001	000	0	0
271.309443	-19.822105	271.309443	-19.822105	18051426-1949195	14.982		14.443	0.066	13.505	0.099	UBA	022	013	0cc	0	0
271.293184	-19.866884	271.293184	-19.866884	18051036-1952007	14.279	0.047	13.752	0.078	13.511	0.078	AAA	222	111	000	0	0
271.298811	-19.860929	271.298811	-19.860929	18051171-1951393	15.363	0.083	13.897		13.525		AUU	200	100	c00	0	0
271.317681	-19.839716	271.317681	-19.839716	18051624-1950229	16.347		14.582	0.117	13.528	0.072	UCA	022	011	0cc	0	0
271.322162	-19.864950	271.322162	-19.864950	18051731-1951538	15.805	0.105	14.361		13.535		BUU	200	200	c00	0	0
271.309740	-19.844704	271.309740	-19.844704	18051433-1950409	14.492		14.177	0.089	13.538	0.064	UBA	022	011	0c0	2	0
271.311914	-19.828806	271.311914	-19.828806	18051485-1949437	16.042		14.049		13.540	0.051	UUA	062	002	00c	0	0
271.289394	-19.828632	271.289394	-19.828632	18050945-1949430	16.015		14.411	0.064	13.541	0.054	UBA	022	011	0pp	0	0
271.316663	-19.836737	271.316663	-19.836737	18051599-1950122	14.999		14.014		13.549	0.066	UUA	002	001	00c	0	0
271.292128	-19.844734	271.292128	-19.844734	18051011-1950410	16.672		14.396	0.075	13.554	0.065	UBA	022	011	000	0	0
271.316247	-19.836803	271.316247	-19.836803	18051589-1950124	15.251	0.056	14.119		13.555		AUU	200	100	000	0	0
271.294420	-19.853458	271.294420	-19.853458	18051066-1951124	15.327		13.621		13.573	0.077	UUA	002	001	00c	0	0
271.315689	-19.820101	271.315689	-19.820101	18051576-1949123	14.489	0.055	13.874	0.062	13.574	0.078	AAA	222	111	00c	0	0
271.325963	-19.864908	271.325963	-19.864908	18051823-1951536	17.222		14.539	0.071	13.575	0.065	UCA	022	011	0cc	0	0
271.297622	-19.863970	271.297622	-19.863970	18051142-1951502	15.552		14.522	0.067	13.585	0.060	UCA	022	011	000	0	0
271.322503	-19.835226	271.322503	-19.835226	18051740-1950068	16.882		14.983		13.590	0.093	UUA	002	001	000	0	0
271.325214	-19.825607	271.325214	-19.825607	18051805-1949321	17.738		15.595		13.595	0.074	UUA	002	001	00s	0	0
271.303874	-19.834593	271.303874	-19.834593	18051292-1950045	15.936	0.097	14.331		13.602		CUU	200	100	000	0	0
271.280443	-19.822805	271.280443	-19.822805	18050730-1949220	15.004	0.105	14.027	0.124	13.602	0.116	ABB	222	111	00c	0	0
271.284130	-19.830425	271.284130	-19.830425	18050819-1949495	14.896	0.047	14.242	0.069	13.612		ABU	220	110	0p0	0	0
271.319191	-19.859915	271.319191	-19.859915	18051660-1951356	17.316		14.417		13.622	0.057	UUA	002	001	000	0	0
271.316880	-19.850969	271.316880	-19.850969	18051605-1951034	16.321		14.632	0.072	13.624	0.054	UCA	022	011	000	0	0
271.284646	-19.840122	271.284646	-19.840122	18050831-1950244	15.953		14.391		13.631	0.080	UUA	002	001	000	0	0
271.329092	-19.846966	271.329092	-19.846966	18051898-1950490	14.950		13.869		13.635	0.072	UUA	002	001	00c	0	0
271.291430	-19.824091	271.291430	-19.824091	18050994-1949267	17.221		14.597	0.067	13.655	0.058	UCA	022	011	000	0	0
271.319000	-19.849693	271.319000	-19.849693	18051656-1950588	14.346	0.055	13.895	0.066	13.657	0.064	AAA	222	111	000	0	0
271.300647	-19.865019	271.300647	-19.865019	18051215-1951540	17.278		14.670	0.087	13.661	0.069	UCA	022	011	000	0	0
271.284175	-19.862068	271.284175	-19.862068	18050820-1951434	16.366		14.403	0.054	13.675	0.066	UBA	022	011	0ss	0	0
271.288010	-19.821661	271.288010	-19.821661	18050912-1949179	16.274		14.501	0.102	13.679	0.075	UCA	022	011	0cc	0	0
271.285660	-19.824074	271.285660	-19.824074	18050855-1949266	15.638		13.906		13.684	0.118	UUB	002	001	000	0	0
271.285359	-19.843018	271.285359	-19.843018	18050848-1950348	14.469	0.029	13.981	0.041	13.686	0.060	AAA	222	111	000	0	0
271.313291	-19.842287	271.313291	-19.842287	18051518-1950322	15.242	0.043	14.487	0.065	13.687		ACU	220	110	000	0	0
271.281946	-19.867552	271.281946	-19.867552	18050766-1952031	17.029		14.695	0.060	13.701	0.055	UCB	022	011	000	0	0
271.317888	-19.836266	271.317888	-19.836266	18051629-1950105	15.991	0.102	14.635		13.703		CUU	200	100	000	0	0
271.297322	-19.843149	271.297322	-19.843149	18051135-1950353	15.305	0.060	14.588	0.086	13.711		ACU	220	110	0c0	0	0
271.290461	-19.866474	271.290461	-19.866474	18050971-1951593	15.685	0.078	14.333		13.711		BUU	200	100	000	0	0
271.284216	-19.833948	271.284216	-19.833948	18050821-1950022	15.268		13.940		13.722	0.069	UUB	002	001	000	0	0
271.315141	-19.846148	271.315141	-19.846148	18051563-1950461	15.770	0.112	14.321		13.722		BUU	200	100	000	0	0
271.300438	-19.860886	271.300438	-19.860886	18051210-1951391	14.264	0.049	13.827	0.060	13.723	0.076	AAB	222	111	0ss	0	0
271.301016	-19.830368	271.301016	-19.830368	18051224-1949493	14.544	0.041	13.912	0.057	13.739	0.079	AEB	222	111	0cc	0	0
271.307411	-19.821548	271.307411	-19.821548	18051377-1949175	14.465		13.599		13.758	0.081	UUB	662	002	00c	0	0
271.314537	-19.818878	271.314537	-19.818878	18051548-1949079	15.035	0.104	14.272	0.126	13.761	0.103	ABB	222	111	000	0	0
271.286778	-19.819056	271.286778	-19.819056	18050882-1949086	14.761	0.048	14.126	0.058	13.768	0.071	ABB	222	111	000	0	0
271.304275	-19.828144	271.304275	-19.828144	18051302-1949413	15.381	0.061	14.295		13.769		AUU	200	100	000	0	0
271.295648	-19.867645	271.295648	-19.867645	18051095-1952035	16.220		14.546		13.769	0.077	UUB	002	001	00c	0	0
271.279684	-19.824339	271.279684	-19.824339	18050712-1949276	15.700		14.523	0.153	13.770	0.140	UCB	022	011	000	0	0
271.283980	-19.842096	271.283980	-19.842096	18050815-1950315	15.650		14.727		13.770	0.088	UUB	002	001	000	0	0
271.308519	-19.822962	271.308519	-19.822962	18051404-1949226	14.895		14.216	0.086	13.772	0.060	UBB	622	012	00c	0	0
271.326593	-19.830980	271.326593	-19.830980	18051838-1949515	14.357	0.044	13.890	0.050	13.782	0.074	AAB	222	111	000	0	0
271.307001	-19.829809	271.307001	-19.829809	18051368-1949473	14.670	0.036	14.004	0.029	13.797	0.064	AAB	222	111	000	0	0
271.313771	-19.863907	271.313771	-19.863907	18051530-1951500	15.620	0.098	14.618	0.124	13.807		BCU	220	110	cp0	0	0
271.320494	-19.849714	271.320494	-19.849714	18051691-1950589	15.124	0.117	14.026		13.821		BUU	200	100	c00	0	0
271.313869	-19.865520	271.313869	-19.865520	18051532-1951558	15.444		14.101		13.826	0.080	UUB	002	001	00c	0	0
271.291087	-19.842081	271.291087	-19.842081	18050986-1950314	17.047		14.740	0.079	13.829	0.061	UCB	022	011	000	0	0
271.320750	-19.836559	271.320750	-19.836559	18051698-1950116	17.587		15.145		13.851	0.076	UUB	002	001	000	0	0
271.279586	-19.854712	271.279586	-19.854712	18050710-1951169	16.824		14.581	0.132	13.857	0.116	UCB	022	011	0cc	0	0
271.327640	-19.858969	271.327640	-19.858969	18051863-1951322	17.659		15.676		13.870	0.063	UUB	002	001	000	0	0
271.285826	-19.862169	271.285826	-19.862169	18050859-1951438	14.911	0.071	14.432	0.100	13.986		ABU	220	110	0s0	0	0
271.312780	-19.859613	271.312780	-19.859613	18051506-1951346	15.549	0.072	14.513		13.998		BUU	200	100	000	0	0
